4294967279,90
4294967279,89
4294967279,87
4294967279,86
4294967279,85
4294967279,84
4294967279,83
4294967279,301
4294967278,295
4294967279,300
4294967278,173
4294967279,102
4294967279,101
4294967279,100
4294967279,99
4294967279,98
4294967279,97
4294967279,96
4294967279,95
4294967279,94
4294967279,93
4294967279,92
4294967279,91
4294967278,294
4294967279,299
4294967278,170
4243767290,0
4294967278,293
4294967279,298
4294967279,125
4294967279,124
4294967279,123
4294967279,122
4294967279,121
4294967279,120
4294967279,119
4294967279,118
4294967279,117
4294967279,116
4294967279,115
4294967279,114
4294967279,113
4294967279,112
4294967279,111
4294967279,110
4294967279,109
4294967279,108
4294967279,107
4294967279,106
4294967279,105
4294967279,104
4294967279,103
4294967278,292
4294967279,297
4294967278,291
4294967279,296
4294967278,162
4294967278,161
4294967278,159
5,5
4294967278,158
5,4
5,3
5,2
5,1
4294967278,157
4294967294,1425
4294967294,393
4294967294,439
4294967294,472
4294967278,156
4294967278,155
4,8
4,7
4294967278,154
4,6
4,5
4294967278,153
4,4
4,3
4,2
4,1
4294967279,295
4294967294,9
4294967278,152
4294967294,1424
4294967294,120
4294967294,1423
4294967294,2
4294967294,419
4294967294,1022
4294967294,187
4294967279,294
4294967278,290
4294967278,289
4294967279,293
4294967278,146
4294967294,1030
4294967294,1029
4294967294,1028
4294967294,1027
4294967294,1025
4294967294,1024
4294967294,985
4294967294,984
4294967294,983
4294967294,982
4294967294,973
4294967294,972
4294967294,970
4294967294,969
4294967294,401
4294967294,1032
4294967294,1031
4294967294,1026
4294967294,987
4294967294,986
4294967294,980
4294967294,979
4294967294,978
4294967294,977
4294967294,976
4294967294,185
4294967294,182
4294967294,173
4294967294,170
4294967278,144
4294967278,11
4294967278,10
4294967278,9
4294967278,8
4294967278,7
4294967278,6
4294967278,5
4294967278,4
4294967279,132
4294967279,131
4294967279,130
4294967279,129
4294967279,128
4294967279,127
4294967279,126
4294967279,292
4294967278,143
4294967279,291
4294967278,37
4294967278,36
4294967278,35
4294967278,34
4294967278,33
4294967278,32
4294967278,31
4294967278,28
4294967278,27
4294967278,26
4294967278,24
4294967278,23
4294967278,22
4294967278,21
4294967278,284
4294967278,20
4294967278,19
4294967278,18
4294967278,17
4294967278,16
4294967278,267
4294967278,15
4294967278,14
4294967278,13
4294967278,12
4294967279,290
4294967279,25
4294967279,24
4294967279,23
4294967279,19
4294967279,17
4294967279,14
4294967279,12
4294967279,11
4294967278,288
4294967278,30
4294967278,29
4294967278,140
4294967294,50
4294967294,180
4294967294,175
4294967294,104
4294967294,166
4294967294,189
4294967294,384
4294967294,190
4294967294,445
4294967294,1089
4294967279,285
4294967294,428
4294967294,429
4294967294,1418
4294967294,895
4294967278,25
4294967278,137
4294967294,585
4294967294,162
4294967294,161
4294967294,424
4294967279,137
4294967294,602
4294967294,446
4294967294,444
4294967294,66
4294967294,35
4294967294,127
4294967294,14
4294967294,126
4294967294,13
4294967279,133
4294967294,5
4294967294,81
4294967279,21
4294967294,22
4294967279,273
3,5
4294967279,272
3,4
3,3
3,2
3,1
4294967279,271
4294967294,38
4294967294,37
4294967294,36
4294967294,40
4294967294,39
4294967294,394
4294967294,413
4294967294,99
4294967294,41
4294967294,107
4294967294,469
4294967279,270
4294967294,7
4294967294,6
4294967294,94
4294967294,93
4294967294,96
4294967279,269
2,6
2,5
4294967279,287
2,4
2,3
2,2
2,1
4294967278,0
4294967279,267
4294967294,8
0,7
4294967294,45
4294967294,430
4294967294,44
4294967294,426
4294967294,43
4294967294,53
4294967294,417
4294967294,990
4294967294,1019
4294967294,29
4294967294,28
4294967294,989
4294967294,27
4294967294,1020
4294967294,470
4294967294,92
4294967294,91
